# Created by Octave 5.1.0, Tue Apr 30 00:25:45 2019 GMT <unknown@NickLc>
# name: ne
# type: scalar
401


# name: ns
# type: scalar
4


# name: nm
# type: scalar
3


# name: v
# type: matrix
# rows: 401
# columns: 3
 0.03842561904793558 0.020095916412802173 -0.0016658353111431601
 -0.074477667596237737 0.051620766632335884 0.0039677535303479505
 -0.052326263314537769 0.09975235861864401 -0.044993810597052486
 0.033046781783455818 0.004599527128259462 -0.038125464921455
 -0.1170443626580395 0.067226339615508821 -0.07391906229395212
 -0.15921824389386674 0.012704036601555748 -0.10189416034033211
 0.061742803810856513 0.060053505690805073 0.0066740925600563966
 -0.067464520751475243 -0.077521805603802341 -0.084502437262928165
 -0.032610400189318024 0.080889235839335438 0.035941139746501892
 0.084088949335922564 0.05561274794552068 -0.065288147021423992
 -0.054759230864442239 0.07633809107583002 -0.076287525653888077
 0.10494717042510113 0.096135486410742765 -0.01382204043274083
 -0.045437735572095829 0.087989435094980528 -0.083184403222771028
 0.095729219581758535 0.092605063898841933 -0.027226122959205817
 0.053410657678571678 -0.024009077936423571 -0.071918837827272056
 0.031941840918399793 0.030504678386309405 -0.080348281452056261
 -0.11104651066124559 0.13320844102088336 -0.14395583488529939
 -0.093905570709584718 -0.051058129786666989 -0.0082414402516368564
 0.0086015437131575553 -0.01204973207004746 0.053573602666075783
 -0.0793589838535389 -0.063795773797374195 -0.03194703441157546
 0.0098639134359704839 0.087014842483556606 0.0030330134522175145
 -0.052489222994722577 -0.097461783518695624 0.05544739891277517
 -0.065608115983402979 0.09330089035056624 -0.014933243102242278
 0.051881330156141402 0.12755595890466473 -0.12308930587789617
 0.06156933316826705 0.15843560860807915 -0.027390015854166068
 0.094992521487019699 0.03442896926634674 -0.12172112849715959
 0.051357163795790216 0.090725257367758827 -0.054794950856415704
 0.031533820527202126 0.058568753738210466 0.052339676027527017
 -0.060142624167137455 0.091365044815233082 0.068342305563722339
 -0.044787125777380428 0.036685266448739484 -0.084059431912431815
 -0.071530742283792331 0.040276133777515724 -0.033929828208579489
 -0.013453924879720776 -0.011101395033026743 0.056947106748987945
 0.10606591971647358 -0.064062502695156578 0.0049115202558272066
 -0.065293929351292967 -0.032237954852860407 0.053966684245157347
 0.0017302802931058131 -0.067237801613070275 0.026930005235694176
 -0.0084910793035072492 0.043007414205187743 0.022953919474793121
 0.035625686490916943 -0.015080674795033397 -0.00079046967435129542
 -0.070455610595183668 -0.014546395305283824 -0.13795116118742509
 0.051065292508827922 0.055000014098020959 -0.043991469967383338
 0.037334702568287241 -0.048846306345428983 0.007151396077911998
 -0.11220275059282157 -0.019447594277708005 -0.014088758409561164
 -0.10234613703869117 -0.019422733876289049 0.088571124275304267
 -0.062559451963891941 0.06035747495357368 -0.074151290234022393
 -0.03628302054703509 0.14173596798162841 -0.013834108897587974
 0.092523627046553675 0.07927448498584462 -0.13101862551492441
 -0.059405155962600022 -0.083006038844417623 0.057431404779686175
 0.068244165514175725 -0.031810523792389155 0.033835986009992082
 0.0095198723373522264 -0.079598999070904841 0.081141781900165022
 -0.056119221097146225 -0.059682693005169554 -0.025308700841955245
 0.075495165678943932 0.066423821647260725 0.078275180583681103
 0.026621964588979866 0.037158501071183556 -0.12277091724530924
 -0.054885719996839936 0.038836361837092395 0.02247468922471009
 -0.098783973470907116 0.026550364382201559 -0.033459570285424733
 0.070012400901126759 0.16599930887910991 -0.012494754385780512
 -0.0025943370906012474 0.028298082580470462 0.0028236642514503233
 0.09763688470629811 0.042196547837700549 0.076741705528682452
 -0.022636147292655014 -0.083111708382327343 0.03671632280541292
 -0.01001607996952643 0.0095014212452349672 0.041883475587256497
 -0.083942418348243744 0.055838492098772903 -0.065221326658215895
 -0.09278773355213743 0.076505874018091446 -0.016471522862086051
 -0.013013393100555224 0.12386671015554297 0.084559398040667602
 -0.14229876929718716 -0.044483540283152552 0.11507212577059535
 -0.071970197624624477 0.079117236953909154 -0.10012135575360623
 -0.0061464767947773504 -0.090553465952207673 -0.084627507152476814
 0.075837596211012465 -0.016402354103535403 0.06790802459765348
 -0.012951506594581311 -0.051172059153078972 0.052802205223548816
 -0.044548154230961347 0.054329859219804821 0.038997443957961626
 0.019186682413853136 -0.098303316082880621 0.021055797220466008
 -0.035028510220347121 -0.021217744226050914 -0.12445022623638653
 -0.0059110946988200535 -0.053673211962834325 -0.013535783317035723
 0.05374891555606847 0.058159018048221704 0.067038927619495259
 0.078009780282750019 0.072074811486555049 -0.035625193340263019
 -0.01837276853302975 -0.02020038112396658 -0.066381948233811966
 -0.074714355189070769 0.09145342288008354 -0.11261339044076189
 -0.017404973922335972 0.13279638022557261 -0.12391275793583638
 -0.065060198561462085 0.094873478865600297 0.0040002977409518215
 -0.0056085267073074227 -0.084028216474785561 -0.089561938110689215
 0.05774970868368532 0.081046246227539726 0.032020250013457312
 -0.040384335458461935 0.066248646136827141 0.062709679975031421
 -0.15498166371334499 0.064560330954104517 -0.049111225412170861
 -0.0749480164218293 0.046921838320357817 0.096642305898458833
 -0.091925337788623857 0.031559816621134842 0.021373805657834463
 0.06922625347334746 0.021720687599473466 -0.0051892357948166252
 0.06951073783247072 -0.076882856289487017 -0.074133923611272703
 0.11960888942794604 -0.04947917618307042 -0.0160309893723573
 0.094275860095370645 -0.029587348970471841 0.097898318786345029
 -0.15479771653011462 -0.00077833390003437361 0.079997775262655973
 -0.02892159079193185 -0.078548951096871114 0.17132202620858475
 0.037095116779412761 0.089800804409941717 0.0072752297923917514
 -0.10237815708192935 -0.0070780889621769464 0.0039860224431521474
 -0.063173613314972121 0.12017070754181601 0.068618056264060465
 -0.063511578463072177 -0.0017046036751713872 0.081035866867602321
 0.052704086961089795 -0.010265374707888415 0.042697970486605785
 0.11269791780175323 -0.0012831729397981453 0.12317667303142235
 -0.093669430901628825 0.011403983611673022 -0.00073251141224499664
 -0.077616002054760852 -0.01318625886506525 0.04815717035927089
 -0.033255160814217442 0.11301383021208994 0.0064298898294750106
 0.011815864855592337 0.054030303227902338 -0.070752706034307292
 -0.042439804114700407 0.097505886605029901 -0.034320832333129832
 -0.051566378414346102 0.142545907454314 -0.066600162404503171
 0.020180108419855049 -0.0040064156616224202 -0.0559818759071887
 -0.011121647927000723 0.14523908465879398 -0.077643369751930591
 0.027691877928317302 -0.10116115418539039 -0.022272492933045524
 0.079090283179280157 -0.025080018955020676 -0.094077566035129748
 -0.070585737939490217 0.082546013474340485 0.098063405484535682
 -0.011530208161421586 0.089023252210944773 0.085398334683082305
 0.010634212968674025 0.054105901976716379 0.14485321456514741
 -0.036552313121070094 -0.10431399991172556 0.15600463922574084
 -0.049359781730138524 -0.059794775598222785 0.14513239937128528
 -0.040477183817929835 -0.030133174429318722 -0.020415575485671252
 -0.10611797036935955 -0.13497477132625441 0.14317022242043523
 0.02659596983658603 -0.037085138310970683 0.035760553166188626
 -0.12211594706204519 0.039173740063379772 0.11725052533275936
 0.070115927412501416 -0.057578121879120703 0.01940900562458573
 0.069013128930583104 -0.03863419470273273 0.005542210535098911
 0.1393126936321086 -0.01228582282182239 -0.015314626806732574
 0.1067065522602561 -0.014897163940342888 -0.12841381476393052
 0.047923180439909625 0.0022886180819554161 0.012452272844520627
 0.02229598709449513 0.005197067057187468 -0.098237934321093609
 -0.025997182673291673 -0.046194441386408908 0.022903486435651724
 0.07725561552781833 0.041183923924866098 0.060032861939467289
 0.014590310235158777 -0.021861349371609304 -0.08265859381609271
 -0.026931336410583873 -0.020812606591402157 0.052558375315519393
 0.0095245935677357989 0.040191964586659537 -0.0023875229522554837
 0.055779276380549851 -0.01879486514157722 -0.096849080715941283
 -0.0026428113235847294 0.0079000211364314947 0.085795202808870777
 0.088374292549295588 -0.035223940482995028 0.012426789778535065
 0.06778649424909465 -0.075013894022191954 -0.045423580552470949
 -0.0721992272697764 0.048159990247179388 -0.071384255236068478
 0.054739666815918943 -0.084301411225422215 0.012733890628636614
 0.073870950711943315 -0.055055597338491732 0.055791104191491796
 -0.044354985080292168 -0.10664747691496612 0.09964770736983479
 -0.095602430868875474 0.12616359674408067 0.051999769933108141
 0.044288467099129487 0.033721370838570651 -0.045618375564682651
 -0.0056117843416400304 -0.048949658788825214 0.1235028715025067
 0.0016350470402086265 -0.14026657371654944 0.054337284953860157
 0.015898729498406497 0.012966502760657281 -0.10110375632028816
 -0.056243079427525079 0.022857769349023029 -0.0020446857091409565
 -0.12542149401678868 -0.019250653477969653 -0.033973582633157619
 -0.012106178686286526 0.0054359475170818235 -0.11153210504211246
 0.029803133556720818 -0.087260274778763428 0.070126108962967809
 -0.015668409482207886 -0.16119918076715145 0.069983698761586596
 -0.081629562084068213 -0.05494279186222939 -0.082001175028720605
 0.055322928284331711 0.02154926122148049 -0.10427494776068084
 -0.14182926717005537 0.14660911211839256 -0.083044960562853654
 -0.01170091458647938 -0.090738149188523715 0.083830801145006795
 0.15417192397177132 -0.16975451185667456 0.070278611651995407
 0.11518351738906615 0.020036959314124768 -0.093891016816547032
 0.075214658691888286 -0.016411172420098031 -0.024303871965052345
 0.012457004452916221 -0.0029425401890668004 -0.013916966078746673
 0.082647599797870744 -0.0203484717299134 -0.052098808703357327
 -0.014285242842382497 -0.013567711723150258 -0.03139337223973631
 -0.013121672233371471 0.102589918970144 -0.12560178866200966
 -0.065856528868446271 0.061091900327740978 -0.12058546029672572
 -0.018879720835420184 0.10916243550559358 0.10991595917466988
 0.080814819064946336 -0.1011008563239133 0.0097652844556320086
 0.10520780400774979 -0.046581730706103067 0.053319323445850914
 0.14588693079468384 -0.0047803415721334504 -0.078521567679638485
 -0.044623124180131118 0.065879661640228002 0.049873971091738127
 -0.024111980824035026 -0.016474987269638815 -0.0066302352711699441
 -0.007137191691748191 0.069597004629099748 0.012749691114758745
 -0.031174872160813109 -0.099376729161928051 0.013907774861013024
 0.026146052402047936 0.057417745999136051 -0.0052280672159381973
 -0.02546872811979228 0.16467223120550717 -0.052277483582601411
 -0.097404469166369342 -0.039229326635127196 -0.12520709956188397
 0.04046193328718467 -0.13507923456672208 0.11719262718900429
 -0.050805273090977127 -0.040051243068628672 -0.011284277925888165
 0.048494258032310493 0.12880430809776766 -0.14170598465305978
 -0.090873825094439892 -0.010271163444649319 -0.011804226048750938
 -0.089593097083643769 0.0092311178642014765 0.023111903399341507
 0.13385678652761501 -0.024022021311153888 -0.045853468232539552
 -0.013363126659209502 -0.059941418136640369 0.088575295429386247
 -0.0069617499432565993 0.12728812880883081 0.0027032097065952691
 0.02674607137992218 0.017170222432027763 -0.0089191702834751398
 -0.13285713181269135 0.040168418454121453 -0.032067232143096473
 -0.14186836282126061 0.097289928520450986 0.1450664580615271
 -0.089023206677924682 0.056217012473659095 -0.0096591616453513777
 -0.028454797004674851 0.049494442426142989 -0.035391580456021629
 -0.089642610967278172 0.011772341225380996 -0.02400243434415986
 0.04984623568895187 -0.12856305359893894 0.13596128994308507
 0.023552642298537686 -0.018257123931818789 0.12226960210979418
 -0.036949195139817349 -0.027712176710796038 0.11891587589166785
 -0.016145952095081389 0.04810797733398374 0.062556713806832365
 -0.019572607029037469 -0.029149656685682753 -0.17084700525742552
 -0.095078394368973335 -0.069814029727833474 0.062695167462332044
 0.07174423226879878 -0.04441702733803083 0.17193633949098783
 -0.14444390790892359 0.048988679335976802 0.062635151695354593
 0.0071162507248640691 0.11466540141730784 0.10585601175804023
 -0.023933664265062372 -0.033202177522728728 -0.024144596472110348
 0.0031613339708874925 -0.078835511985919038 0.0054945722028105996
 -0.087428416714750629 -0.023232399221374395 -0.10117204287483776
 -0.072217150564855129 0.0048582947491320186 0.01673291010481498
 0.018126027333784107 0.0021966704848745246 0.086718732335365617
 -0.0328508731047681 -0.020671479955973307 -0.031306388290027111
 0.010545998969614057 -0.066742953811431902 0.055247074599211521
 -0.00027413441362657786 0.087157519699115921 0.064261560792987116
 0.062412859802318477 0.037276279689227358 0.061859947237750346
 0.12070608656282589 0.10520294935667199 -0.081378982442737724
 0.01434432449430363 -0.010561861716667136 0.037088651979457141
 0.027071090787751675 -0.076643820268791449 0.015999138290257332
 0.036084970261516282 0.0057556802947407873 0.09973910161463552
 0.11527239650030867 -0.15766213115007244 0.013048497090243897
 -0.042703885309060122 -0.10319468078007478 0.032820225272474968
 0.023600650641809998 0.042724005544571307 -0.021574192661095431
 0.067957075676708015 -0.051236232921814132 0.094706282819368284
 0.014421641021868157 -0.069229846124123376 0.13526432890779605
 0.032177382894741861 0.0020212464364963711 0.058168917742805595
 -0.078947620345541383 -0.029403570876351693 0.045379474858441807
 0.022100477752703608 -0.020936367255217182 -0.062543237816058056
 -0.015829682850569213 0.0067520445682683885 0.12017796866640516
 0.13073817590894332 0.099158529131386425 -0.0064116825546682091
 -0.068490728806858553 -0.0087590530997484154 -0.071125660660999221
 0.04352462287437079 -0.018198769991300053 -0.011926269754374184
 0.053415043299129605 -0.069008837508754722 0.029949909110928454
 -0.043861522646389553 -0.037609414524376154 0.0022256175104160779
 -0.029024596031167634 -0.071842288629303655 0.10550000611219511
 -0.08069999029935665 0.027449194099734366 -0.031725111263549814
 0.14694595829234014 -0.0024326486056249477 -0.024977480660238669
 -0.052833752544185368 0.0131033024685816 -0.053343817114146194
 -0.07523804264684672 -0.061909541528603007 0.027701084158566786
 -0.06351793867896062 -0.026148111210455183 -0.012650068301754426
 -0.071867376627941695 0.026515218581332854 -0.048762102750455505
 -0.019693354080087325 -0.0021866291903095952 0.124871237270283
 -0.011135619917138085 0.077907326918167347 -0.087926186621460165
 -0.054908917352529001 0.048252293068058942 0.070718435773236485
 0.032954767385275627 -0.036122869991525156 0.12874645962598691
 -0.084883043664747235 0.076533335927961368 -0.010064591106893762
 0.076756063770220095 -0.086230138725549521 -0.031660757339171675
 -0.092056108033837014 -0.04756242545169026 0.077960073426176779
 -0.13108356049494746 0.10474433981914741 -0.043607441409108105
 0.13213980441630524 -0.057500134014109507 -0.090978400857655295
 0.112177400953581 -0.015833724867025539 0.028002899711525281
 -0.012026722326113399 -0.14351365449727407 0.086938048617366467
 -0.0039073696663698681 -0.15744544326682919 0.10653699930826463
 -0.077198876240089712 -0.030646579325521874 -0.039939530312226405
 -0.012061768578605319 0.090517371835545785 0.069962434976169482
 -0.099698307315257834 -0.0096839287997478318 0.033372774914418347
 0.010075318697330376 -0.054427697755719706 0.064508129938163489
 0.024735835433105743 -0.0057465915531244114 -0.1073509752706998
 0.11251331259417 -0.085455009597548967 0.094118140333232223
 0.057391739473709791 0.00032728324457931279 -0.04265388630996382
 0.047567800699008927 -0.057729095949379354 -0.082828251130990238
 -0.064707919865390706 -0.014587500728671703 0.11287425963762628
 -0.021474535963748969 0.13625767563009314 -0.051673336264689292
 -0.010029086674170252 -0.083104136815222274 -0.041512947216669531
 0.097979367081901803 -0.088192499041476288 -0.034064723427710615
 0.03575195822427412 -0.030284254313038918 -0.049695935491646581
 0.052104994345267455 0.059853362873290732 0.092232207600999816
 -0.030051822055561995 0.074274226290698089 0.093271439410134827
 -0.14937103652583725 0.16566806107273543 -0.091361783650757589
 -0.067071343607994133 -0.0039099752804989361 0.021362738513572441
 0.0077476922064006644 0.079726456311960764 -0.0591057486222702
 0.053801962357304944 0.035553134716513071 -0.045258437103775806
 -0.010149212020898036 0.055128411540203516 -0.0021276621602260961
 0.090864006140319531 -0.088612935038662466 -0.069498190930155357
 -0.086604268651225919 0.073078994123623245 0.092521313002770875
 0.053169351773507595 0.0061507113955595162 0.061441030608417373
 0.059290005659215356 -0.043651122383728161 -0.059876158001333293
 0.060318967110817419 0.069276823613377045 -0.1178607210495136
 0.070494174612283647 0.022365483100568229 0.064533179585713363
 -0.0064599226308102893 -0.014768632612040145 0.073302600096855769
 0.099001859549103108 -0.068745590715165047 0.0082082393356591957
 0.042769466665950724 -0.0088564411461328416 -0.044390629924407968
 0.14507702869803463 0.025920378569988075 -0.13677698141452591
 0.049844639382543993 0.076703726177263593 0.011536565095968777
 0.047384347014553296 -0.069585248725314394 -0.073296635602751001
 0.042555393127732967 -0.15006782425680065 0.13266594414078109
 0.088926318486702988 0.072508920299694246 -0.0043140824179068614
 0.15691466654446273 0.042435144027958158 -0.058629979816206546
 0.13437415774878003 -0.097970107275309665 -0.11350508493174517
 0.12828343877470447 -0.024058487906612597 -0.043616375440422073
 -0.011456918605297279 -0.040389749031233602 -0.076444520405683461
 0.051990466684073651 0.075365022772782092 -0.024524595326204057
 0.011902534237353213 -0.01648036681589592 -0.092360967202675059
 -0.066042235362581886 -0.025674252308910999 0.0061515088132377826
 -0.1353399926287932 0.095774380032119771 0.018765171386798438
 -0.0074197743905478472 -0.066710133264380883 0.071296865715489627
 0.035357009119251027 -0.063705945808929881 -0.030273812717637339
 -0.048732973309290745 -0.017439153731117027 0.076084787110002605
 -0.093386391856484063 0.069632585327869076 0.022408678365387069
 -0.015538039774497159 -0.072131137756990149 0.042346111869419722
 0.060366437749375536 -0.0051268596585620444 0.086888909138753939
 -0.043400169274578342 0.032410128440309396 0.067716912232515095
 -0.040063336665705315 0.16545084447753172 -0.078746162215104193
 -0.11893164286282497 -0.026801029624212793 0.017924621347116851
 0.17419282987722756 -0.088291215741743673 -0.021947149962359424
 0.10206672519419745 0.0043180920890010807 -0.026997506318034867
 0.028867568543853396 -0.07385377216228857 0.1570899427370023
 -0.084076514560836355 0.059299456081404876 -0.083444333944271087
 -0.17201346519204785 0.15814944072461831 -0.023473176387387464
 -0.069138166048090158 0.12667180492613941 -0.013566468858440527
 -0.036042588882898359 0.067824746592487564 0.001868916500149148
 -0.020495231349640999 0.044451461418288832 -0.0022771214455680117
 0.028018031588496285 -0.05171744531067219 0.087245917645587812
 -0.027860495378791723 -0.016265471724225624 0.080430422016240524
 0.12367518991045172 0.041696748075541495 -0.064123413967698051
 -0.05559713511949374 -0.090245660092888841 0.018624267934616495
 0.079071174680086564 0.031891173865964184 -0.069414782731582456
 0.019623733470061768 0.021440285936221427 0.0087564242125944391
 0.055077051163377605 -0.021733031196890931 0.014165567725118101
 0.066136852245125763 0.094298869158582488 0.045036505861696829
 -0.0033610222211186373 -0.019110217345025594 0.088604940124908299
 -0.075366808740700564 0.03456087734240474 0.0070704569476934603
 -0.099397196992066686 0.099206418903676236 0.13581134320754762
 -0.10694797442253862 0.025763216250873515 -0.13589493246680667
 0.067295783179527516 0.068635787531161466 -0.023362980464266936
 0.069617718765085407 0.064656813648794567 0.08446564086670072
 0.037617991043913626 0.046979482839698682 -0.070943975946359636
 -0.020368562551499499 -0.10239964922010725 0.081291165978482044
 0.020310688932052436 0.032899571159691575 -0.051113054948931536
 0.041242502520988912 -0.030345390554738338 -0.046218348704818168
 -0.14622876115001893 0.12726723386291064 0.13127029807255386
 0.062871775520344952 -0.073740390752719973 0.038018634018744751
 -0.0031512468293345385 -0.0057706920647527596 -0.050879616603954028
 0.054227216445314426 -0.002651866541938201 -0.044986285164554871
 0.018037900382287055 0.091266086035736327 0.088389002489724061
 -0.066399102905019131 0.034376998928798072 -0.0049595039853455045
 -0.12095046264546122 -0.033534386214094256 -0.076616600351052069
 -0.056509778360060804 -0.041817333483104249 -0.054891494728174374
 0.023684881645661651 -0.016314775955953976 0.0085749021777615352
 -0.062189945531358565 0.02894406299881791 0.065261863927939423
 0.020915585508990288 -0.082260446657375683 -0.09800246932424414
 0.003355069084823348 0.015980915319997523 0.036727706904202399
 0.011029369143053681 0.074307572387296308 -0.0096418326380296356
 -0.063458465688993645 0.011337155298937843 0.0047247830137163308
 -0.11648415469102834 -0.027748116650594314 0.0030424293965135062
 -0.035786585867129177 0.0058867392335796307 -0.062020210742686502
 0.080068188515071997 -0.11179258138891775 0.13636185765922704
 0.030224028869514839 -0.023413277844878403 -0.082250526021990344
 0.17574362769327315 -0.11160190905135201 -0.078071281401278211
 0.0041337529743816848 0.043177424398537625 -0.081681246579089442
 0.10016860987034455 0.013423142512770474 -0.0941580672084769
 0.13630607636478859 -0.097160147899283761 -0.073270077712328893
 0.012101874591389753 0.016230910292526247 0.051680276987872802
 -0.052935183177385582 -0.039845671264174147 -0.067576032291857394
 -0.028218363424397534 -0.024508214377948142 -0.085179746854373448
 0.047850577197100126 -0.051687838732320524 -0.067413021575991564
 0.099928685880483745 0.011475433966236959 -0.012839894697492882
 0.035124526400494731 -0.089635689854088541 -0.053368580262427537
 -0.071722950862256898 0.070481562180744334 0.057331232272355349
 -0.05041463615544254 -0.022841327660801727 0.088409695625914858
 -0.078218129072317594 -0.045992443136877906 0.029642574320176297
 0.091362122851991662 0.08976777999910393 0.020623411114526348
 -0.017553929516071876 -0.015658145849770887 -0.0053642897789843661
 -0.10401512263782814 -0.059193759396089667 0.039511137189531094
 0.0052927514020528511 -0.047984356691522401 0.085265070213825372
 -0.044081230171417365 -0.024075684977640423 0.11281519042585936
 -0.073840281554633819 0.039554564065573172 -0.069163653347341647
 0.069400498927983112 -0.14970467639991306 -0.016769346735072167
 -0.037774636289359391 -0.032051715402561666 0.01316345793793389
 0.14267626059675312 -0.047515084960276892 0.088004651745988302
 0.037544002070010615 -0.066196052281871129 0.10849086389224845
 0.065374570016604711 0.045461971909812389 0.052444987447298544
 -0.096638261774331824 -0.021385575503223685 -0.0074673565944733088
 0.051566597381973674 0.0095720807083588769 -0.10991813176013689
 0.0070933105672352286 -0.10935254097534629 0.013440163638236245
 -0.034056230473056247 0.042611426393459967 -0.019003916131151901
 0.015978618800246359 -0.017002471916205686 -0.0086542683332199947
 0.023049131750338559 -0.047922067440605558 -0.068139100993042226
 0.084643168609967637 -0.040963720006866183 -0.0093701804785430009
 -0.044204259976071733 0.0021048845464600231 0.092326321764648597
 -0.08175645130420213 -0.00057822332388037824 0.10693273168022781
 -0.0063123542752280505 -0.047993137742074747 0.16909461527489231
 -0.090005047978982677 -0.12987292761819272 0.0034815987699197411
 -0.058630059653965061 -0.0077130678066096746 0.036015368979454787
 0.009571678094584703 -0.016019638647119121 0.10156394484086667
 -0.03541986341503249 -0.13614484180732098 0.14185899203078431
 -0.0056067402427294874 -0.064804868995550088 -0.022038681793191683
 -0.00022546349774436744 0.092269655646147142 -0.071069222751783304
 -0.034706695260918539 0.0037268721782515242 0.0020415057347080443
 0.10551602221544995 0.057303574225377324 0.046308170370581984
 0.017084672133709837 -0.034826558987989101 0.078799516225718777
 0.038202615909771344 0.021972185077170685 -0.068961589048615018
 0.003545095239912842 -0.024206969762872309 0.072113860472457159
 0.046617501147366236 -0.12743177421896387 -0.053668064129898441
 0.086581298994477709 -0.16031560129545275 0.10966465598640733
 0.096137642647231278 0.019696531211720106 0.081329643890885719
 0.016167320985547219 -0.0026258167914488982 0.10232951064766861
 0.0084160554615354318 0.0084197671163691364 -0.055421178410096653
 -0.066331029864293303 0.0021432689907505023 -0.040655650004848776
 -0.030018888134412808 0.024676793644979319 0.029662855731987226
 -0.059441964896818772 -0.0376475842770757 0.1501313584037012
 0.022412739602928566 0.1049327052149075 -0.051661843797638461
 -0.021213535614100189 0.023306009067353761 -0.042951147579750874
 -0.017193491198538323 -0.02324890813378893 0.094583229932160826
 -0.039414127151981844 -0.0042867322037248683 0.054216931242988632
 0.05991765204570363 0.069461090832569641 0.094761202823005222
 -0.062143219153731243 -0.063210782549827066 0.068026789476821489
 0.052104342764918009 -0.080534591654183918 0.038607118523293758
 -0.051370877012907719 -0.046534672692616227 -0.0063390314949969924
 -0.0015777699891869198 -0.071652755183573336 0.09853190718619996
 0.069620359924143338 -0.061419821756612189 0.01063613328058689
 -0.029169235287765376 0.080792192680067237 0.02249252204470055
 -0.072054028511540608 -0.089147127816448679 -0.061340462594140395
 0.085609626615886919 -0.031863758241580629 -0.021267589320618202
 0.05075167486610483 0.05371087646740591 0.051155395882636324
 -0.023311889260017295 0.0051953152587804127 -0.052743243978395589
 -0.069540781730784068 0.091772472498303698 0.022898202346813848
 -0.07807303412854541 -0.09710822227347532 0.012146107267890432
 -0.096682513836505779 0.096867236930332667 -0.089443743350954868
 0.077853026272367537 0.056272553386624735 -0.016219782283586982


# name: w
# type: matrix
# rows: 3
# columns: 4
 0.42801219020460202 -0.5035261763078529 -0.019404366001286602 0.65796531803775071
 -0.37057026161846085 0.34110746111590196 0.51556963498990149 0.21658152012203369
 0.49363811055512852 0.57980661773406061 -0.27090292133776062 -0.39919840830763059


# name: bias
# type: scalar
1


